
A =

    10     7     8     7
     7     5     6     5
     8     6    20     9
     7     5     9    29


xe =

   -0.3118
    4.3333
    0.3441
    0.2903


A =

    10     7     8     7
     7     5     6     5
     8     6    10     9
     7     5     9    29


xe =

    3.9231
   -3.8718
    2.4615
    0.0256


A =

    10     7     8     7
     7     5     6     5
     8     6    10     9
     7     5     9    10


xe =

    1.0000
    1.0000
    1.0000
    1.0000

Undefined function 'hil' for input arguments of type 'double'.

Error in untitled2 (line 1)
H= hil(10)

Undefined function 'hib' for input arguments of type 'double'.

Error in untitled2 (line 1)
H= hib(10)


H =

    1.0000    0.5000    0.3333    0.2500    0.2000    0.1667    0.1429    0.1250    0.1111    0.1000
    0.5000    0.3333    0.2500    0.2000    0.1667    0.1429    0.1250    0.1111    0.1000    0.0909
    0.3333    0.2500    0.2000    0.1667    0.1429    0.1250    0.1111    0.1000    0.0909    0.0833
    0.2500    0.2000    0.1667    0.1429    0.1250    0.1111    0.1000    0.0909    0.0833    0.0769
    0.2000    0.1667    0.1429    0.1250    0.1111    0.1000    0.0909    0.0833    0.0769    0.0714
    0.1667    0.1429    0.1250    0.1111    0.1000    0.0909    0.0833    0.0769    0.0714    0.0667
    0.1429    0.1250    0.1111    0.1000    0.0909    0.0833    0.0769    0.0714    0.0667    0.0625
    0.1250    0.1111    0.1000    0.0909    0.0833    0.0769    0.0714    0.0667    0.0625    0.0588
    0.1111    0.1000    0.0909    0.0833    0.0769    0.0714    0.0667    0.0625    0.0588    0.0556
    0.1000    0.0909    0.0833    0.0769    0.0714    0.0667    0.0625    0.0588    0.0556    0.0526

>> H=hilb(10)

H =

    1.0000    0.5000    0.3333    0.2500    0.2000    0.1667    0.1429    0.1250    0.1111    0.1000
    0.5000    0.3333    0.2500    0.2000    0.1667    0.1429    0.1250    0.1111    0.1000    0.0909
    0.3333    0.2500    0.2000    0.1667    0.1429    0.1250    0.1111    0.1000    0.0909    0.0833
    0.2500    0.2000    0.1667    0.1429    0.1250    0.1111    0.1000    0.0909    0.0833    0.0769
    0.2000    0.1667    0.1429    0.1250    0.1111    0.1000    0.0909    0.0833    0.0769    0.0714
    0.1667    0.1429    0.1250    0.1111    0.1000    0.0909    0.0833    0.0769    0.0714    0.0667
    0.1429    0.1250    0.1111    0.1000    0.0909    0.0833    0.0769    0.0714    0.0667    0.0625
    0.1250    0.1111    0.1000    0.0909    0.0833    0.0769    0.0714    0.0667    0.0625    0.0588
    0.1111    0.1000    0.0909    0.0833    0.0769    0.0714    0.0667    0.0625    0.0588    0.0556
    0.1000    0.0909    0.0833    0.0769    0.0714    0.0667    0.0625    0.0588    0.0556    0.0526

>> b=H*once(10,1)
Unrecognized function or variable 'once'.
 
>> b=H*ones(10,1)

b =

    2.9290
    2.0199
    1.6032
    1.3468
    1.1682
    1.0349
    0.9307
    0.8467
    0.7773
    0.7188

>> x=H/b
Error using  / 
Matrix dimensions must agree.
 
>> x=H\b

x =

    1.0000
    1.0000
    1.0000
    1.0000
    0.9998
    1.0005
    0.9991
    1.0009
    0.9996
    1.0001

>> for n =10:15 
c=cond(hilb(n));
[n,c]
end

ans =

   1.0e+13 *

    0.0000    1.6025


ans =

   1.0e+14 *

    0.0000    5.2211


ans =

   1.0e+16 *

    0.0000    1.6284


ans =

   1.0e+17 *

    0.0000    4.9481


ans =

   1.0e+17 *

    0.0000    2.3786


ans =

   1.0e+17 *

    0.0000    3.5421

>> format compact;
>> [n,c]
ans =
   1.0e+17 *
    0.0000    3.5421
>>  for n =10:15 
c=cond(hilb(n));
[n,c]
end
ans =
   1.0e+13 *
    0.0000    1.6025
ans =
   1.0e+14 *
    0.0000    5.2211
ans =
   1.0e+16 *
    0.0000    1.6284
ans =
   1.0e+17 *
    0.0000    4.9481
ans =
   1.0e+17 *
    0.0000    2.3786
ans =
   1.0e+17 *
    0.0000    3.5421
>> for n =10:15 
c=cond(hilb(n));
disp([n,c]);
end
   1.0e+13 *
    0.0000    1.6025
   1.0e+14 *
    0.0000    5.2211
   1.0e+16 *
    0.0000    1.6284
   1.0e+17 *
    0.0000    4.9481
   1.0e+17 *
    0.0000    2.3786
   1.0e+17 *
    0.0000    3.5421
>> format long g
>> format long
>> format long g
>> condest(hilb(10))
ans =
          35352948819942.5
>> for n =10:15 
c=cond(hilb(n));
disp([n,c]);
end
                        10          16024916973700.6
                        11           522109397705164
                        12      1.62837303882577e+16
                        13      4.94809546839432e+17
                        14      2.37860274201687e+17
                        15      3.54210587744528e+17
>> format short
>> poly(1:20)
ans =
   1.0e+19 *
  Columns 1 through 11
    0.0000   -0.0000    0.0000   -0.0000    0.0000   -0.0000    0.0000   -0.0000    0.0000   -0.0000    0.0001
  Columns 12 through 21
   -0.0010    0.0063   -0.0311    0.1207   -0.3600    0.8038   -1.2871    1.3804   -0.8753    0.2433
>> roots(poly(1:20))
ans =
   19.9999
   19.0013
   17.9937
   17.0185
   15.9597
   15.0593
   13.9302
   13.0627
   11.9589
   11.0225
    9.9912
    9.0027
    7.9994
    7.0001
    6.0000
    5.0000
    4.0000
    3.0000
    2.0000
    1.0000
>> format long
>> roots(poly(1:20))
ans =
  19.999874055724192
  19.001295393676987
  17.993671562737585
  17.018541647321989
  15.959717574548915
  15.059326234074415
  13.930186454760916
  13.062663652011070
  11.958873995343460
  11.022464271003383
   9.991190949230132
   9.002712743189727
   7.999394310958664
   7.000096952230211
   5.999989523351082
   5.000000705531480
   3.999999973862455
   3.000000000444877
   1.999999999998383
   0.999999999999949
>> 20/sqrt(2)
ans =
  14.142135623730949
>> 